# Created by Octave 4.2.2, Wed Aug 04 17:12:13 2021 PDT <kmiller@kmiller-OptiPlex-7050>
# name: ff1pD
# type: matrix
# rows: 49
# columns: 49
 -0.000892931472939778 -0.0008629816039293986 -0.0008106246263221988 -0.0007164093660075042 -0.0005858582575869304 -0.0004461194511529647 -0.0003118279931952647 -0.0001845145095621959 -9.46123854153443e-05 -3.023097546089975e-05 6.892131519727612e-06 2.538449273896673e-05 3.034179612263652e-05 3.528752297706153e-05 2.599490918928574e-05 2.079632431864581e-05 7.665614945768662e-06 4.346808336843896e-06 5.718455391828782e-06 -4.886901847547298e-07 2.053653482372987e-07 -1.880420418275448e-06 -1.764788456637261e-06 -3.634322323981938e-06 -4.143082119991507e-06 -5.363415527200051e-06 -6.951624912410811e-06 -7.876875437349983e-06 -7.253784034867631e-06 -3.569586670466723e-07 5.191113047944308e-06 1.650508695743422e-05 3.978378415243166e-05 8.121633173856562e-05 0.0001228082473069301 0.0001761831294659172 0.0002524125991762253 0.0003392390719548607 0.0004096306638064603 0.0005311291372210465 0.0006271292021936259 0.0007431834127261301 0.0008260890757918332 0.0009094001622878706 0.0009666161416548741 0.001020823910065062 0.001016506809961128 0.0009700190680226748 0.0009090902947306823
 -0.0008109507189829824 -0.0008676540110692944 -0.0008393838771412836 -0.0007934326702195434 -0.0006828582710020767 -0.0005784663424097165 -0.0004315301532495252 -0.0002753166670373103 -0.0001679951430579784 -8.69375818007361e-05 -9.614473978235571e-06 2.15836518067426e-05 5.676767759795715e-05 4.642988882318734e-05 4.010507036049892e-05 5.466637196766495e-05 2.27845290154699e-05 2.293967648232014e-05 2.082039657033385e-05 1.314540835687274e-05 1.088499868255455e-05 3.343646246195513e-06 8.051237567798527e-07 -2.566212414965357e-06 -3.728251535737627e-06 -5.807541247543083e-06 -8.572602638092054e-06 -7.576455862332662e-06 -2.786052336722542e-06 4.301018734100014e-06 1.685089100506147e-05 3.640701138741409e-05 6.258827068928944e-05 0.0001116634732247928 0.0001578938424111316 0.0002310782546624335 0.0003352482165822282 0.0004275052334367543 0.0005341348362291451 0.000654716062478407 0.0007545922346334539 0.0008999379127411791 0.0009697945969259028 0.001045391946790926 0.001068203288425405 0.001086664496528273 0.001057262514066778 0.0009809967379915423 0.0008819133838693924
 -0.0006818002743557224 -0.0007731334202633387 -0.0008200770250870121 -0.0008003653261642519 -0.0007430857658665048 -0.0006457316983400883 -0.0005350273105439876 -0.0003786782236238462 -0.0002658634126680735 -0.0001568210729103268 -4.736476163882849e-05 -1.409965287782667e-05 3.764989300350616e-05 5.159889589066287e-05 5.586409476623097e-05 7.260488339305138e-05 4.61891245172698e-05 4.60046057474909e-05 4.263374125925489e-05 3.042031819952755e-05 2.112690292781046e-05 1.527370965099765e-05 5.157851047493354e-06 1.095085753481134e-06 -2.320054404384793e-06 -4.919902771870288e-06 -5.696580573018335e-06 -8.21501602305906e-06 9.274295149853656e-07 3.450469856969355e-06 2.958798148880213e-05 5.410978969727771e-05 7.739145668352585e-05 0.0001520652617684734 0.0002221288376643704 0.0003117655277414018 0.0004339154084965595 0.000535566178426594 0.0006671978539822643 0.0008114291582729072 0.0008939993811042091 0.001029110879244704 0.001103643145867758 0.001154054529924277 0.001153084507829379 0.001130706763140554 0.00105410006953597 0.0009324771288804787 0.0007999622425836819
 -0.0004616352371120993 -0.0005814054857266385 -0.0006993899612229822 -0.0007669151492746292 -0.0007410637856235933 -0.0006682789640785262 -0.0005950036091971304 -0.0004602746163077467 -0.0003402238402208777 -0.0002365441196415071 -0.0001058222038925196 -2.969575345267597e-05 3.163760782519942e-05 6.198495621565876e-05 7.165344683664448e-05 8.745149784415711e-05 8.055636442706003e-05 6.78401815758251e-05 5.965327946081384e-05 4.452236617086323e-05 3.883675994042041e-05 3.091596834153862e-05 1.56892149296684e-05 9.177012995232625e-06 2.567586032222296e-06 -2.850171495832422e-06 -5.247409928824496e-06 -3.69871374941077e-07 -3.689691362927559e-07 1.736598214509395e-05 3.232129337944476e-05 7.945400925223128e-05 0.0001263986051103024 0.0002101371473433164 0.0002961241877958502 0.0004090546709293895 0.0005342692007646523 0.0006714332487370415 0.0008104557629786155 0.0009669229009483692 0.001044035676956072 0.001174458114528829 0.001215125498862842 0.001234037804879387 0.001182755430500023 0.001102760564710233 0.001008150592709966 0.0008580279072695346 0.0006892562247140003
 -0.0001677292364778515 -0.0003588785224067568 -0.0005039874990328737 -0.0005976956453386192 -0.0006687457225214045 -0.0006527227083032604 -0.0005958258632497444 -0.0005036601316967192 -0.0003726080916768459 -0.0002908154181341722 -0.0001573677456750306 -4.88615653962119e-05 4.033387588437659e-05 6.87539545166561e-05 0.000103917641108925 0.0001256925362577513 0.0001249506888336944 0.0001227203609184528 9.91571699264543e-05 7.169817116577694e-05 6.389506689592869e-05 4.572438177429487e-05 2.912958293557083e-05 1.747764683791803e-05 8.097783157593023e-06 1.283811838338851e-06 -9.647939205689606e-08 -2.977998844278543e-06 1.690811403627098e-05 2.781096215567312e-05 5.560612916961699e-05 0.0001245981619895468 0.0001924829507403699 0.0002758418208730991 0.0003953235457793036 0.000543853998658103 0.0007086974311739394 0.0008141737262382753 0.0009777722304290777 0.001136559249817742 0.001204088874162551 0.001290463691940787 0.001308992675702982 0.001278632320170564 0.001178734109820934 0.001074941285418355 0.0009285277090391461 0.0007081196870335634 0.0005504025189422938
 0.000145139840216945 -3.203532637783208e-05 -0.0002268248498659167 -0.0003937404476796946 -0.0004850241173649904 -0.0005205206551472443 -0.0005412795062412174 -0.0004828018602449052 -0.0003887093456584112 -0.000346936020681952 -0.0002019283511345841 -0.0001083303284562163 2.378283235845353e-05 8.999299713139517e-05 0.0001160482170813937 0.0001554611088555805 0.0001581785960320192 0.0001639973276797451 0.0001499470466867959 0.0001313111766853938 9.937384987943743e-05 8.169289668455629e-05 6.32549089530481e-05 4.029821108652196e-05 2.644838947381395e-05 2.127923539305951e-05 1.744355844397908e-05 1.640536821915917e-05 2.423967690759254e-05 5.578323549903631e-05 0.0001056606926112396 0.0001771323681544177 0.0002701611120762729 0.0003824431588727925 0.0005249736795417784 0.000686184360341531 0.0008567602608569849 0.001009044695354441 0.00115395418529063 0.001294722192302178 0.001318316367873729 0.001368057916328159 0.001357374184964858 0.00127366196712021 0.001122413232958579 0.0009485838635876512 0.0007812494836276009 0.0005412250670516931 0.0003424673569600169
 0.0004638995114367763 0.0003048331308198987 0.0001034315888892954 -7.921276959364279e-05 -0.0002520450000112547 -0.0003311172945565241 -0.0004122690777549326 -0.0003942731415719842 -0.0003462154679710547 -0.0002895023628534163 -0.0002112139301014831 -8.83096414016032e-05 1.268669942169943e-05 0.0001110493775237904 0.0001686155717366415 0.0001982861001237119 0.000228338298059473 0.0002284736207352397 0.0002197940098516013 0.000190579005842298 0.0001731021107170969 0.0001416244301771353 0.000116995783698751 9.043268399016498e-05 6.836551476017872e-05 5.025578666439461e-05 4.89098527209502e-05 5.132545432482781e-05 7.136752779028679e-05 0.0001061728939423964 0.0001668744295759809 0.0002748532904928937 0.0003869697823569723 0.00052981944839663 0.0007054669051487398 0.0008489107271817049 0.001088084145171802 0.001192888706952374 0.001328897865884648 0.001440313191686694 0.001419825572062194 0.001426871147050918 0.001339719652063989 0.001189039601960638 0.001018705788505375 0.0008097759516834475 0.0006141456694781685 0.0003619920013324057 0.0001706239568407974
