# Created by Octave 4.2.2, Wed Aug 04 16:52:05 2021 PDT <kmiller@kmiller-OptiPlex-7050>
# name: ff1pA
# type: matrix
# rows: 49
# columns: 49
 -0.002352413153065603 -0.002587078671044941 -0.00282447014131478 -0.003023601694126045 -0.003234007693127122 -0.003387244114171529 -0.003470730893067922 -0.003483206178726595 -0.003432541990228893 -0.00328076159286537 -0.003065186106247686 -0.002768761689393282 -0.002429541102894897 -0.002086069995803936 -0.001734883624377467 -0.001388200750512324 -0.001092441777992728 -0.0008285451149643872 -0.0006113930908078884 -0.000445435746470568 -0.0003193097433365935 -0.0002313591728944509 -0.0001715957545765563 -0.0001386375950752159 -0.0001281123300393938 -0.0001381249499024183 -0.000171863860045259 -0.000229859671615716 -0.0003157587142454641 -0.0004390116580974044 -0.0005979244833085549 -0.0008068110360326404 -0.00105574266919258 -0.001336431502636649 -0.001647614015388104 -0.001969881986476952 -0.002275975535870258 -0.002568343843190417 -0.002793144724729111 -0.002968271641883128 -0.003040360333755306 -0.003055179428709358 -0.002972723814576476 -0.002859703252744187 -0.002686841262742987 -0.002500749195232851 -0.002294484982095367 -0.002090979276357379 -0.001912125455133662
 -0.002413085936605793 -0.00265366862074355 -0.002921413993182337 -0.003173211375792457 -0.003417588554269458 -0.003628992354364868 -0.003789846078104979 -0.003874078079375011 -0.003872659054199983 -0.003788952042598923 -0.003602129062695319 -0.003350466144316948 -0.002998781709098175 -0.002632748540644285 -0.002243222706694726 -0.001834603501021836 -0.001472579953263013 -0.001144076153131812 -0.0008723489413482181 -0.0006489700953910489 -0.0004772014766580014 -0.0003548440883972836 -0.0002714669450229562 -0.0002254440159488116 -0.0002094191095070808 -0.0002241833311763472 -0.0002716787007333353 -0.0003532916553448988 -0.0004745963493715984 -0.000640075533123319 -0.000848215232811241 -0.001117297189960164 -0.001431723943916579 -0.001767649055756268 -0.002127061272940871 -0.00247478029836017 -0.002799287580064195 -0.003070605352560966 -0.003278380177927245 -0.003407150320397367 -0.003433408867409821 -0.00337305272384702 -0.003234419519190483 -0.00306296348734027 -0.002851934119177021 -0.002610706427326042 -0.002385836055155108 -0.002163034879547474 -0.001972387168004987
 -0.00246412926646261 -0.002708896265485395 -0.003005149851300778 -0.003306201559869637 -0.003615080985871065 -0.003875293652572765 -0.004098335692491571 -0.00427019215324121 -0.004349603295769794 -0.004336221390402979 -0.004209599683834175 -0.003973868049990694 -0.003673215636763009 -0.003281124305468574 -0.002868582274166922 -0.002408247714464237 -0.001990234405985322 -0.001585121239017456 -0.001235982080804687 -0.0009471629950015604 -0.0007176023360120721 -0.0005440235566464633 -0.0004290685833881162 -0.0003632717911612329 -0.0003408113114331098 -0.0003625048877036093 -0.0004299428504249231 -0.0005470259919431217 -0.0007159518622498521 -0.0009367534132912441 -0.001210013206592728 -0.001556843524903741 -0.001924766660856974 -0.002312307263258928 -0.002729886352754441 -0.003092777387351949 -0.003420108896000051 -0.003676113628336937 -0.003837727375762261 -0.00387476717305943 -0.003829874381333686 -0.003709258482179245 -0.003493299597803765 -0.003261563592207578 -0.00298187737654303 -0.002727642364978623 -0.002461918087713528 -0.002220324071071602 -0.002024520016583635
 -0.00250968116972888 -0.002761157905632321 -0.003080327232685071 -0.003407292571648849 -0.003782178221448378 -0.004094518106259132 -0.004412145594526345 -0.004666324559330795 -0.004837853020385198 -0.004921237717072512 -0.004887458246919617 -0.004716708797919566 -0.004441278891234132 -0.004078009341039585 -0.003642199879131458 -0.003146920896552452 -0.00265819406986269 -0.002183523833886712 -0.001747578381616682 -0.001373625982096141 -0.00107238012345915 -0.0008419601012040602 -0.0006811006872224593 -0.0005859700827549682 -0.0005559018704303717 -0.0005880430411651138 -0.0006823282538553508 -0.0008444278843032352 -0.001074165891161955 -0.001369841646356275 -0.001722195614470831 -0.002139559326921146 -0.002574143611394595 -0.003023009443001907 -0.003450603784483047 -0.003834594543426901 -0.004137812334471533 -0.00433640483635328 -0.004411413230551581 -0.004389492646888088 -0.004240877742182156 -0.004040659144028562 -0.003741506714098526 -0.00345454353297923 -0.003133364841021122 -0.002814260213768586 -0.002523085036903669 -0.002263844500462241 -0.002030244889639465
 -0.002537454329022125 -0.002825012535811957 -0.003157875908893924 -0.003506736088460188 -0.003909223571777851 -0.004315789548972677 -0.004694864579934267 -0.005054369758676171 -0.005334256279314782 -0.0055080790521859 -0.005582755608478972 -0.005524302000436898 -0.005319831514801112 -0.005003449863484355 -0.00457541377325728 -0.004048002403611949 -0.003506629002410471 -0.002969331783639405 -0.002437743301619917 -0.001995097798556625 -0.00159236683570887 -0.001281083714592676 -0.001071335257256919 -0.0009375635878212947 -0.0008976755233944698 -0.0009435596821492055 -0.001074141979677696 -0.001295188103342285 -0.001603045177715166 -0.001977911696412743 -0.002413393776006739 -0.002904750500318566 -0.003411900016641908 -0.003896940967035811 -0.004341721339535682 -0.004709077754163774 -0.004940839548825853 -0.005061980502918296 -0.005042705201730927 -0.004903894899391911 -0.004659399260433784 -0.004350750546721677 -0.003968162485523914 -0.003606757364667915 -0.003230603085126939 -0.002875471496949831 -0.002565643716261725 -0.002268379834724609 -0.002044507244193754
 -0.002533947237856844 -0.00282943804593328 -0.00318724650905085 -0.003559817364613495 -0.004034899273684537 -0.004481481206763159 -0.004960354832604489 -0.005418027818902296 -0.005797248426706127 -0.006135512626129385 -0.006323522541982529 -0.006398016725817065 -0.006302275905547773 -0.006057485326447372 -0.005689017923194748 -0.005154488154209145 -0.004608553112201339 -0.00399764560806049 -0.003387963376772732 -0.002830842554286452 -0.002340276768890496 -0.001944172749325911 -0.001661812980042125 -0.001491707374336687 -0.00143332925951456 -0.00149428003935584 -0.001666311821791321 -0.001955393941682131 -0.002346467788859826 -0.002821619021226108 -0.003340280908927698 -0.003916501855614057 -0.004469793189091987 -0.004958840302406411 -0.005381073301605102 -0.00567963141876177 -0.005846724430005629 -0.005839778798970653 -0.005676860443318353 -0.005417576927386019 -0.005065199631245557 -0.004636709897161658 -0.004165898845370306 -0.003739889479027599 -0.003304041328306511 -0.00289950706193291 -0.002555340675794957 -0.002250088890979154 -0.00198656498681261
 -0.002460651675898021 -0.00281617896803513 -0.003180440316533133 -0.00359547692751328 -0.00409993047520952 -0.004614436240460233 -0.005170316047281453 -0.005758203996236565 -0.00626641564516229 -0.0067123018813166 -0.00710751180246197 -0.007321450979139935 -0.007386130344218706 -0.007263203420568591 -0.006987101920368856 -0.006520473752717954 -0.005965348354637172 -0.005337561753171234 -0.004635185905735455 -0.004002944833143823 -0.003400649665647802 -0.002914989209882912 -0.002558328697975856 -0.002349392474370586 -0.002272572547580363 -0.002352102626468624 -0.002579434366967854 -0.002941242007459229 -0.003413222600006799 -0.003984311614432893 -0.004585394699792315 -0.005223206719809203 -0.005790235986494112 -0.006252747625345081 -0.006590618483646011 -0.006796068221622026 -0.006822314133674602 -0.006652822150510439 -0.006332976193729093 -0.005925981419836307 -0.005402610383755748 -0.004884945932593976 -0.004289944037604306 -0.003789751690611368 -0.003309494195973812 -0.002877428507108246 -0.002489579749187058 -0.002164228858729745 -0.001904038466016443
